897.5518865447833
811.4962723927586
285.0512220351537
655.3013967753299
944.0653724530504
192.78486632184084
877.5456741995248
636.531905210616
120.40302767328853
209.2071915804147
648.0281925646332
399.2540446706767
56.1395211886616
650.040717365136
854.3687504768682
995.3791322984276
324.9190539751927
411.5794568403468
750.3140378175228
972.8002790136225
625.675915403302
599.9062147575299
359.4274112570267
837.8680011968336
839.025021708997
542.7420949911507
637.7654218819921
344.6579487745365
204.04990051033664
973.9787148375016
727.3918319026144
298.62744573060314
288.4696410505619
779.0069655753334
1022.0808499825736
515.5887088117238
563.7808237933231
339.1600762427692
619.5598065722436
555.427723936457
398.75367853783837
3296.969188109175
352.9931758660553
497.5225009895426
673.2208913425371
324.9190539751927
951.0296369218204
257.96415667098944
547.3538337166704
922.4585073433307
565.7430234848011
480.9965567453078
540.5372797008733
972.8002790136225
88.40125780441275
587.1640321254224
973.9787148375016
437.5944720101023
208.77594728755528
530.656003444734
951.0296369218204
288.4696410505619
984.9574033653558
823.9331961510202
