31.658722474745694
26.399664371573714
173.83348249433973
84.6742023691225
123.78320919415499
85.5655610789204
91.78043624445294
232.03337681117134
160.62075931778088
91.78043624445294
30.741527028473378
141.56313063917037
1114.2471266636505
418.20364420327104
30.741527028473378
14.24743167420056	@@@@@__16__@@@@@
89.57324841325679
81.50358139213697
134.83487650101594
1833.9278438787048
48.40346748850655
1481.2953737079747
118.1438650282208
99.25337876157711
133.17501078572732
253.59120347720372
198.74359844763862
236.58495977985257
679.4849072605091
41.12321649699421
161.05763308464898
495.8471816679662	@@@@@__32__@@@@@
639.6495101481859
260.89870552458893
372.9735292223971
91.78043624445294
374.0095145975487
228.0350630925717
1114.2471266636505
1795.442989303332
292.7838679773517
61.90692688446546
141.56313063917037
1613.2622601277192
2072.913159522335
207.67552284306228
240.483038094239
160.62075931778088	@@@@@__48__@@@@@
196.64550842144604
176.7004829844247
173.83348249433973
286.09222682227903
142.75007494536294
230.998246053215
232.03337681117134
267.2925018903717
315.3952448541827
903.606300645769
143.5960715452326
30.741527028473378
151.27879410818434
249.89465205859247
418.20364420327104
1168.4246666120189	@@@@@__64__@@@@@

6
1
1
1
1
1
100
10
10
10
10
10
10
10
4
8
3
5
16
0
0
0
0
0
0
0
6
1
1
1
1
1
100
10
10
10
10
10
10
10
4
31
3
5
16
0
0
0
0
0
0
0
6
1
1
1
1
1
100
10
10
10
10
10
10
10
4
1
14
2
13
0
0
0
0
0
0
0
6
1
1
1
1
1
100
10
10
10
10
10
10
10
4
23
20
8
6
0
0
0
0
0
0
0
6
1
1
1
1
1
100
10
10
10
10
10
10
10
4
1
62
64
4
0
0
0
0
0
0
0
6
1
1
1
1
1
100
10
10
10
10
10
10
10
4
29
2
16
15
0
0
0
0
0
0
0
6
1
1
1
1
1
100
10
10
10
10
10
10
10
4
3
2
16
15
0
0
0
0
0
0
0
6
1
1
1
1
1
100
10
10
10
10
10
10
10
4
10
9
22
11
0
0
0
0
0
0
0
6
1
1
1
1
1
100
10
10
10
10
10
10
10
4
42
29
43
41
0
0
0
0
0
0
0
6
1
1
1
1
1
100
10
10
10
10
10
10
10
4
3
2
16
15
0
0
0
0
0
0
0
6
1
1
1
1
1
100
10
10
10
10
10
10
10
4
4
3
5
16
0
0
0
0
0
0
0
6
1
1
1
1
1
100
10
10
10
10
10
10
10
4
41
40
27
28
0
0
0
0
0
0
0
6
1
1
1
1
1
100
10
10
10
10
10
10
10
4
68
69
55
67
0
0
0
0
0
0
0
6
1
1
1
1
1
100
10
10
10
10
10
10
10
4
54
55
53
68
0
0
0
0
0
0
0
6
1
1
1
1
1
100
10
10
10
10
10
10
10
4
4
3
5
16
0
0
0
0
0
0
0
6
1
1
1
1
1
100
10
10
10
10
10
10
10
4
6
3
5
16
0
0
0
0
0
0
0
6
1
1
1
1
1
100
10
10
10
10
10
10
10
4
20
1
14
15
0
0
0
0
0
0
0
6
1
1
1
1
1
100
10
10
10
10
10
10
10
4
20
2
16
15
0
0
0
0
0
0
0
6
1
1
1
1
1
100
10
10
10
10
10
10
10
4
13
64
6
66
0
0
0
0
0
0
0
6
1
1
1
1
1
100
10
10
10
10
10
10
10
4
13
11
71
70
0
0
0
0
0
0
0
6
1
1
1
1
1
100
10
10
10
10
10
10
10
4
16
20
8
6
0
0
0
0
0
0
0
6
1
1
1
1
1
100
10
10
10
10
10
10
10
4
16
71
59
60
0
0
0
0
0
0
0
6
1
1
1
1
1
100
10
10
10
10
10
10
10
4
7
22
24
36
0
0
0
0
0
0
0
6
1
1
1
1
1
100
10
10
10
10
10
10
10
4
7
29
43
41
0
0
0
0
0
0
0
6
1
1
1
1
1
100
10
10
10
10
10
10
10
4
23
62
64
4
0
0
0
0
0
0
0
6
1
1
1
1
1
100
10
10
10
10
10
10
10
4
23
61
59
2
0
0
0
0
0
0
0
6
1
1
1
1
1
100
10
10
10
10
10
10
10
4
23
61
63
2
0
0
0
0
0
0
0
6
1
1
1
1
1
100
10
10
10
10
10
10
10
4
23
53
51
39
0
0
0
0
0
0
0
6
1
1
1
1
1
100
10
10
10
10
10
10
10
4
26
70
58
69
0
0
0
0
0
0
0
6
1
1
1
1
1
100
10
10
10
10
10
10
10
4
26
3
5
16
0
0
0
0
0
0
0
6
1
1
1
1
1
100
10
10
10
10
10
10
10
4
6
54
53
55
0
0
0
0
0
0
0
6
1
1
1
1
1
100
10
10
10
10
10
10
10
4
6
59
58
45
0
0
0
0
0
0
0
6
1
1
1
1
1
100
10
10
10
10
10
10
10
4
59
58
60
45
0
0
0
0
0
0
0
6
1
1
1
1
1
100
10
10
10
10
10
10
10
4
72
1
14
15
0
0
0
0
0
0
0
6
1
1
1
1
1
100
10
10
10
10
10
10
10
4
47
60
61
59
0
0
0
0
0
0
0
6
1
1
1
1
1
100
10
10
10
10
10
10
10
4
3
2
16
15
0
0
0
0
0
0
0
6
1
1
1
1
1
100
10
10
10
10
10
10
10
4
11
10
69
24
0
0
0
0
0
0
0
6
1
1
1
1
1
100
10
10
10
10
10
10
10
4
65
64
6
66
0
0
0
0
0
0
0
6
1
1
1
1
1
100
10
10
10
10
10
10
10
4
68
69
55
67
0
0
0
0
0
0
0
6
1
1
1
1
1
100
10
10
10
10
10
10
10
4
12
11
71
70
0
0
0
0
0
0
0
6
1
1
1
1
1
100
10
10
10
10
10
10
10
4
42
43
56
55
0
0
0
0
0
0
0
6
1
1
1
1
1
100
10
10
10
10
10
10
10
4
7
20
8
6
0
0
0
0
0
0
0
6
1
1
1
1
1
100
10
10
10
10
10
10
10
4
41
40
27
28
0
0
0
0
0
0
0
6
1
1
1
1
1
100
10
10
10
10
10
10
10
4
72
71
59
60
0
0
0
0
0
0
0
6
1
1
1
1
1
100
10
10
10
10
10
10
10
4
71
70
72
12
0
0
0
0
0
0
0
6
1
1
1
1
1
100
10
10
10
10
10
10
10
4
23
22
24
36
0
0
0
0
0
0
0
6
1
1
1
1
1
100
10
10
10
10
10
10
10
4
48
47
60
49
0
0
0
0
0
0
0
6
1
1
1
1
1
100
10
10
10
10
10
10
10
4
42
29
43
41
0
0
0
0
0
0
0
6
1
1
1
1
1
100
10
10
10
10
10
10
10
4
36
37
23
35
0
0
0
0
0
0
0
6
1
1
1
1
1
100
10
10
10
10
10
10
10
4
63
62
64
4
0
0
0
0
0
0
0
6
1
1
1
1
1
100
10
10
10
10
10
10
10
4
1
14
2
13
0
0
0
0
0
0
0
6
1
1
1
1
1
100
10
10
10
10
10
10
10
4
60
61
59
2
0
0
0
0
0
0
0
6
1
1
1
1
1
100
10
10
10
10
10
10
10
4
13
26
25
27
0
0
0
0
0
0
0
6
1
1
1
1
1
100
10
10
10
10
10
10
10
4
62
61
63
2
0
0
0
0
0
0
0
6
1
1
1
1
1
100
10
10
10
10
10
10
10
4
10
9
22
11
0
0
0
0
0
0
0
6
1
1
1
1
1
100
10
10
10
10
10
10
10
4
52
53
51
39
0
0
0
0
0
0
0
6
1
1
1
1
1
100
10
10
10
10
10
10
10
4
60
61
47
46
0
0
0
0
0
0
0
6
1
1
1
1
1
100
10
10
10
10
10
10
10
4
57
70
58
69
0
0
0
0
0
0
0
6
1
1
1
1
1
100
10
10
10
10
10
10
10
4
61
2
60
3
0
0
0
0
0
0
0
6
1
1
1
1
1
100
10
10
10
10
10
10
10
4
4
3
5
16
0
0
0
0
0
0
0
6
1
1
1
1
1
100
10
10
10
10
10
10
10
4
63
4
62
49
0
0
0
0
0
0
0
6
1
1
1
1
1
100
10
10
10
10
10
10
10
4
41
54
53
55
0
0
0
0
0
0
0
6
1
1
1
1
1
100
10
10
10
10
10
10
10
4
54
55
53
68
0
0
0
0
0
0
0
6
1
1
1
1
1
100
10
10
10
10
10
10
10
4
72
59
58
45
0
0
0
0
0
0
0

